# random sample of 100 Kadabra / 100 metford-apk mutants (seed=42)
2
4
15
30
44
103
105
115
137
1012
1039
1046
2004
2005
2026
2043
2098
2113
2124
3037
3108
3133
3136
4037
4095
4112
4134
5109
5129
6043
6058
6129
6136
7004
7026
7046
7131
8005
8058
8117
8125
8129
9022
9097
9117
10004
10005
10096
11038
11097
11112
12006
13026
13115
14103
14136
15037
15038
16097
16103
16113
16137
17004
17005
17006
17061
18005
18026
18108
18123
19037
20030
21026
21136
22097
23030
23108
25097
26026
26136
28097
28115
30138
31026
32115
35115
41022
45022
46138
48022
49022
53097
57022
60022
66138
73022
78022
87138
95138
105138
