# random sample of 500 Kadabra / 500 metford-apk mutants (seed=42)
0
3
5
11
12
20
25
28
35
39
40
41
50
52
55
56
58
59
63
66
78
82
84
90
93
94
102
105
106
109
111
122
123
127
131
133
140
141
143
145
146
149
151
153
155
158
165
166
167
171
173
174
175
177
190
191
203
205
208
210
216
218
221
222
233
234
235
236
242
244
247
248
254
255
258
259
260
261
273
277
283
291
301
302
305
308
310
312
313
320
321
325
335
338
339
343
347
355
356
360
365
367
372
377
379
389
391
392
394
397
398
403
405
406
407
408
423
425
430
432
433
434
437
438
443
446
448
449
451
453
459
460
462
465
472
473
474
478
480
481
488
489
491
492
494
497
498
499
501
502
506
508
510
514
516
517
521
524
529
530
532
534
541
543
544
549
553
554
556
557
558
561
562
565
566
567
569
571
572
579
581
582
585
587
590
591
596
598
602
605
606
608
611
615
616
617
619
622
625
627
629
633
635
637
638
642
646
649
654
659
660
665
668
669
670
676
677
678
686
687
688
691
697
698
704
707
711
716
719
720
726
739
741
745
755
758
768
776
779
784
786
788
796
797
798
806
812
818
820
824
828
831
832
834
836
848
849
851
852
858
860
861
863
870
871
873
877
878
880
883
887
889
891
892
893
899
900
902
904
905
906
913
917
921
922
923
929
931
932
934
941
945
951
952
954
957
959
961
962
963
969
972
973
975
976
978
980
990
991
992
994
998
999
1000
1003
1005
1007
1011
1012
1024
1033
1036
1038
1043
1046
1047
1055
1058
1060
1064
1067
1068
1070
1074
1087
1091
1093
1097
1098
1102
1104
1105
1106
1111
1115
1118
1122
1127
1130
1133
1135
1137
1138
1141
1142
1144
1152
1155
1159
1164
1165
1167
1174
1175
1178
1179
1180
1181
1184
1185
1187
1189
1191
1193
1195
1196
1207
1212
1213
1219
1220
1221
1222
1229
1233
1235
1240
1241
1242
1243
1249
1251
1254
1258
1260
1261
1262
1268
1270
1272
1274
1276
1283
1284
1285
1289
1296
1301
1305
1313
1316
1324
1331
1334
1340
1343
1349
1356
1357
1358
1359
1360
1361
1362
1363
1365
1367
1369
1372
1373
1377
1383
1385
1387
1390
1391
1394
1397
1402
1403
1405
1406
1408
1411
1414
1418
1421
1424
1425
1426
1427
1429
1432
1433
1438
1444
1446
1450
1451
1461
1471
1473
1474
1482
1484
1488
1490
1492
1496
1497
1499
1500
1502
1507
1508
1509
1510
1519
1520
1527
1532
1542
1548
1556
1558
1566
1567
1569
1574
1576
1583
1595
1596
1597
1610
1611
1612
1623
1627
1628
